Substitution rate (mu): 1.0

Equilibrium frequencies (pi_i):
  A: 0.2418
  C: 0.1503
  D: 0.0033
  E: 0.0033
  F: 0.0033
  G: 0.1638
  H: 0.0033
  I: 0.0033
  K: 0.0037
  L: 0.0033
  M: 0.0035
  N: 0.12
  P: 0.0033
  Q: 0.0033
  R: 0.004
  S: 0.0036
  T: 0.2579
  V: 0.0033
  W: 0.0035
  Y: 0.0049
  *: 0.0033
  -: 0.0099

Symmetrized rates from j->i (W_ij):
	A	C	D	E	F	G	H	I	K	L	M	N	P	Q	R	S	T	V	W	Y	*	-
  A	0	0.0054	0.0089	0.0089	0.0089	0.0152	0.0089	0.0089	0.0089	0.0089	0.0098	5.0939	0.0089	0.0089	0.0204	0.0089	0.0034	0.0089	0.0125	0.0088	0.0089	0.0192
  C	0.0054	0	0.0091	0.0091	0.0091	0.0058	0.0091	0.0091	0.0091	0.0091	0.0136	4.7462	0.0091	0.0091	0.009	0.0109	0.0472	0.0091	0.0091	0.044	0.0091	0.0161
  D	0.0089	0.0091	0	0.0093	0.0093	0.0091	0.0093	0.0093	0.0093	0.0093	0.0093	0.0093	0.0093	0.0093	0.0093	0.0093	0.0089	0.0093	0.0093	0.0093	0.0093	0.0093
  E	0.0089	0.0091	0.0093	0	0.0093	0.0091	0.0093	0.0093	0.0093	0.0093	0.0093	0.0093	0.0093	0.0093	0.0093	0.0093	0.0089	0.0093	0.0093	0.0093	0.0093	0.0093
  F	0.0089	0.0091	0.0093	0.0093	0	0.0091	0.0093	0.0093	0.0093	0.0093	0.0093	0.0093	0.0093	0.0093	0.0093	0.0093	0.0089	0.0093	0.0093	0.0093	0.0093	0.0093
  G	0.0152	0.0058	0.0091	0.0091	0.0091	0	0.0091	0.0091	0.0181	0.0091	0.0091	4.5526	0.0091	0.0091	0.0198	0.0145	0.0086	0.0091	0.0091	0.0089	0.0091	0.0143
  H	0.0089	0.0091	0.0093	0.0093	0.0093	0.0091	0	0.0093	0.0093	0.0093	0.0093	0.0093	0.0093	0.0093	0.0093	0.0093	0.0089	0.0093	0.0093	0.0093	0.0093	0.0093
  I	0.0089	0.0091	0.0093	0.0093	0.0093	0.0091	0.0093	0	0.0093	0.0093	0.0093	0.0093	0.0093	0.0093	0.0093	0.0093	0.0089	0.0093	0.0093	0.0093	0.0093	0.0093
  K	0.0089	0.0091	0.0093	0.0093	0.0093	0.0181	0.0093	0.0093	0	0.0093	0.0093	0.0093	0.0093	0.0093	0.0093	0.0093	0.0115	0.0093	0.0093	0.0093	0.0093	0.0093
  L	0.0089	0.0091	0.0093	0.0093	0.0093	0.0091	0.0093	0.0093	0.0093	0	0.0093	0.0093	0.0093	0.0093	0.0093	0.0093	0.0089	0.0093	0.0093	0.0093	0.0093	0.0093
  M	0.0098	0.0136	0.0093	0.0093	0.0093	0.0091	0.0093	0.0093	0.0093	0.0093	0	0.0093	0.0093	0.0093	0.0093	0.0093	0.0089	0.0093	0.0093	0.0093	0.0093	0.0093
  N	5.0939	4.7462	0.0093	0.0093	0.0093	4.5526	0.0093	0.0093	0.0093	0.0093	0.0093	0	0.0093	0.0093	0.0093	0.0093	5.4271	0.0093	0.0093	0.0102	0.0093	0.0621
  P	0.0089	0.0091	0.0093	0.0093	0.0093	0.0091	0.0093	0.0093	0.0093	0.0093	0.0093	0.0093	0	0.0093	0.0093	0.0093	0.0089	0.0093	0.0093	0.0093	0.0093	0.0093
  Q	0.0089	0.0091	0.0093	0.0093	0.0093	0.0091	0.0093	0.0093	0.0093	0.0093	0.0093	0.0093	0.0093	0	0.0093	0.0093	0.0089	0.0093	0.0093	0.0093	0.0093	0.0093
  R	0.0204	0.009	0.0093	0.0093	0.0093	0.0198	0.0093	0.0093	0.0093	0.0093	0.0093	0.0093	0.0093	0.0093	0	0.0093	0.0088	0.0093	0.0093	0.0093	0.0093	0.0093
  S	0.0089	0.0109	0.0093	0.0093	0.0093	0.0145	0.0093	0.0093	0.0093	0.0093	0.0093	0.0093	0.0093	0.0093	0.0093	0	0.0089	0.0093	0.0093	0.0093	0.0093	0.0093
  T	0.0034	0.0472	0.0089	0.0089	0.0089	0.0086	0.0089	0.0089	0.0115	0.0089	0.0089	5.4271	0.0089	0.0089	0.0088	0.0089	0	0.0089	0.0107	0.0227	0.0089	0.0226
  V	0.0089	0.0091	0.0093	0.0093	0.0093	0.0091	0.0093	0.0093	0.0093	0.0093	0.0093	0.0093	0.0093	0.0093	0.0093	0.0093	0.0089	0	0.0093	0.0093	0.0093	0.0093
  W	0.0125	0.0091	0.0093	0.0093	0.0093	0.0091	0.0093	0.0093	0.0093	0.0093	0.0093	0.0093	0.0093	0.0093	0.0093	0.0093	0.0107	0.0093	0	0.0093	0.0093	0.0093
  Y	0.0088	0.044	0.0093	0.0093	0.0093	0.0089	0.0093	0.0093	0.0093	0.0093	0.0093	0.0102	0.0093	0.0093	0.0093	0.0093	0.0227	0.0093	0.0093	0	0.0093	0.0093
  *	0.0089	0.0091	0.0093	0.0093	0.0093	0.0091	0.0093	0.0093	0.0093	0.0093	0.0093	0.0093	0.0093	0.0093	0.0093	0.0093	0.0089	0.0093	0.0093	0.0093	0	0.0093
  -	0.0192	0.0161	0.0093	0.0093	0.0093	0.0143	0.0093	0.0093	0.0093	0.0093	0.0093	0.0621	0.0093	0.0093	0.0093	0.0093	0.0226	0.0093	0.0093	0.0093	0.0093	0

Actual rates from j->i (Q_ij):
	A	C	D	E	F	G	H	I	K	L	M	N	P	Q	R	S	T	V	W	Y	*	-
  A	0	0.0013	0.0022	0.0022	0.0022	0.0037	0.0022	0.0022	0.0021	0.0022	0.0024	1.2316	0.0022	0.0022	0.0049	0.0022	0.0008	0.0022	0.003	0.0021	0.0022	0.0047
  C	0.0008	0	0.0014	0.0014	0.0014	0.0009	0.0014	0.0014	0.0014	0.0014	0.002	0.7133	0.0014	0.0014	0.0014	0.0016	0.0071	0.0014	0.0014	0.0066	0.0014	0.0024
  D	0.0	0.0	0	0.0	0.0	0.0	0.0	0.0	0.0	0.0	0.0	0.0	0.0	0.0	0.0	0.0	0.0	0.0	0.0	0.0	0.0	0.0
  E	0.0	0.0	0.0	0	0.0	0.0	0.0	0.0	0.0	0.0	0.0	0.0	0.0	0.0	0.0	0.0	0.0	0.0	0.0	0.0	0.0	0.0
  F	0.0	0.0	0.0	0.0	0	0.0	0.0	0.0	0.0	0.0	0.0	0.0	0.0	0.0	0.0	0.0	0.0	0.0	0.0	0.0	0.0	0.0
  G	0.0025	0.001	0.0015	0.0015	0.0015	0	0.0015	0.0015	0.003	0.0015	0.0015	0.7457	0.0015	0.0015	0.0032	0.0024	0.0014	0.0015	0.0015	0.0015	0.0015	0.0023
  H	0.0	0.0	0.0	0.0	0.0	0.0	0	0.0	0.0	0.0	0.0	0.0	0.0	0.0	0.0	0.0	0.0	0.0	0.0	0.0	0.0	0.0
  I	0.0	0.0	0.0	0.0	0.0	0.0	0.0	0	0.0	0.0	0.0	0.0	0.0	0.0	0.0	0.0	0.0	0.0	0.0	0.0	0.0	0.0
  K	0.0	0.0	0.0	0.0	0.0	0.0001	0.0	0.0	0	0.0	0.0	0.0	0.0	0.0	0.0	0.0	0.0	0.0	0.0	0.0	0.0	0.0
  L	0.0	0.0	0.0	0.0	0.0	0.0	0.0	0.0	0.0	0	0.0	0.0	0.0	0.0	0.0	0.0	0.0	0.0	0.0	0.0	0.0	0.0
  M	0.0	0.0	0.0	0.0	0.0	0.0	0.0	0.0	0.0	0.0	0	0.0	0.0	0.0	0.0	0.0	0.0	0.0	0.0	0.0	0.0	0.0
  N	0.6114	0.5697	0.0011	0.0011	0.0011	0.5465	0.0011	0.0011	0.0011	0.0011	0.0011	0	0.0011	0.0011	0.0011	0.0011	0.6514	0.0011	0.0011	0.0012	0.0011	0.0075
  P	0.0	0.0	0.0	0.0	0.0	0.0	0.0	0.0	0.0	0.0	0.0	0.0	0	0.0	0.0	0.0	0.0	0.0	0.0	0.0	0.0	0.0
  Q	0.0	0.0	0.0	0.0	0.0	0.0	0.0	0.0	0.0	0.0	0.0	0.0	0.0	0	0.0	0.0	0.0	0.0	0.0	0.0	0.0	0.0
  R	0.0001	0.0	0.0	0.0	0.0	0.0001	0.0	0.0	0.0	0.0	0.0	0.0	0.0	0.0	0	0.0	0.0	0.0	0.0	0.0	0.0	0.0
  S	0.0	0.0	0.0	0.0	0.0	0.0001	0.0	0.0	0.0	0.0	0.0	0.0	0.0	0.0	0.0	0	0.0	0.0	0.0	0.0	0.0	0.0
  T	0.0009	0.0122	0.0023	0.0023	0.0023	0.0022	0.0023	0.0023	0.003	0.0023	0.0023	1.3999	0.0023	0.0023	0.0023	0.0023	0	0.0023	0.0027	0.0058	0.0023	0.0058
  V	0.0	0.0	0.0	0.0	0.0	0.0	0.0	0.0	0.0	0.0	0.0	0.0	0.0	0.0	0.0	0.0	0.0	0	0.0	0.0	0.0	0.0
  W	0.0	0.0	0.0	0.0	0.0	0.0	0.0	0.0	0.0	0.0	0.0	0.0	0.0	0.0	0.0	0.0	0.0	0.0	0	0.0	0.0	0.0
  Y	0.0	0.0002	0.0	0.0	0.0	0.0	0.0	0.0	0.0	0.0	0.0	0.0	0.0	0.0	0.0	0.0	0.0001	0.0	0.0	0	0.0	0.0
  *	0.0	0.0	0.0	0.0	0.0	0.0	0.0	0.0	0.0	0.0	0.0	0.0	0.0	0.0	0.0	0.0	0.0	0.0	0.0	0.0	0	0.0
  -	0.0002	0.0002	0.0001	0.0001	0.0001	0.0001	0.0001	0.0001	0.0001	0.0001	0.0001	0.0006	0.0001	0.0001	0.0001	0.0001	0.0002	0.0001	0.0001	0.0001	0.0001	0

